0.000000    0.000000    
0.100000    0.035373    
0.200000    0.074342    
0.300000    0.120506    
0.400000    0.177462    
0.500000    0.248806    
0.600000    0.338135    
0.700000    0.447048    
0.800000    0.571118    
0.900000    0.704787    
1.000000    0.842857    
1.100000    0.982013    
1.200000    1.119563    
1.300000    1.252813    
1.400000    1.379035    
1.500000    1.495249    
1.600000    1.598355    
1.700000    1.685256    
1.800000    1.752854    
1.900000    1.798153    
2.000000    1.818868    
2.100000    1.813018    
2.200000    1.778624    
2.300000    1.714156    
2.400000    1.619403    
2.500000    1.494393    
2.600000    1.339156    
2.700000    1.153721    
2.800000    0.938253    
2.900000    0.694177    
3.000000    0.423611    
3.100000    0.128688    
3.200000    -0.187826    
3.300000    -0.522153    
3.400000    -0.870423    
3.500000    -1.228765    
3.600000    -1.593311    
3.700000    -1.960141    
3.800000    -2.324710    
3.900000    -2.682034    
4.000000    -3.027118    
4.100000    -3.354973    
4.200000    -3.660748    
4.300000    -3.939797    
4.400000    -4.187488    
4.500000    -4.399190    
4.600000    -4.570333    
4.700000    -4.697541    
4.800000    -4.778498    
4.900000    -4.810921    
5.000000    -4.792531    
5.100000    -4.721045    
5.200000    -4.594240    
5.300000    -4.411332    
5.400000    -4.173070    
5.500000    -3.880298    
5.600000    -3.534640    
5.700000    -3.138591    
5.800000    -2.694694    
5.900000    -2.205590    
6.000000    -1.675479    
6.100000    -1.109805    
6.200000    -0.514045    
6.300000    0.106323    
6.400000    0.745807    
6.500000    1.398188    
6.600000    2.056212    
6.700000    2.712545    
6.800000    3.359858    
6.900000    3.990890    
7.000000    4.598438    
7.100000    5.175303    
7.200000    5.714282    
7.300000    6.208182    
7.400000    6.650315    
7.500000    7.034927    
7.600000    7.356363    
7.700000    7.608966    
7.800000    7.787529    
7.900000    7.889285    
8.000000    7.912294    
8.100000    7.854619    
8.200000    7.714325    
8.300000    7.489986    
8.400000    7.181378    
8.500000    6.788448    
8.600000    6.311561    
8.700000    5.755796    
8.800000    5.129209    
8.900000    4.439902    
9.000000    3.695975    
9.100000    2.905529    
9.200000    2.075847    
9.300000    1.211709    
9.400000    0.317424    
9.500000    -0.602702    
9.600000    -1.544363    
9.700000    -2.503251    
9.800000    -3.475060    
9.900000    -4.455482    
10.000000    -5.440211    
