0.000000    2.000000    
0.100000    1.997341    
0.200000    1.995473    
0.300000    1.995188    
0.400000    1.997278    
0.500000    2.002482    
0.600000    2.009573    
0.700000    2.014764    
0.800000    2.014100    
0.900000    2.003621    
1.000000    1.980994    
1.100000    1.955859    
1.200000    1.943228    
1.300000    1.958138    
1.400000    2.015531    
1.500000    2.110214    
1.600000    2.192077    
1.700000    2.204929    
1.800000    2.092582    
1.900000    1.808417    
2.000000    1.449056    
2.100000    1.221385    
2.200000    1.335126    
2.300000    2.000000    
2.400000    3.326273    
2.500000    5.026379    
2.600000    6.713296    
2.700000    8.000000    
2.800000    8.603406    
2.900000    8.656177    
3.000000    8.394912    
3.100000    8.056212    
3.200000    7.851504    
3.300000    7.806185    
3.400000    7.862271    
3.500000    7.961384    
3.600000    8.047137    
3.700000    8.092924    
3.800000    8.095067    
3.900000    8.050474    
4.000000    7.956844    
4.100000    7.842487    
4.200000    7.775484    
4.300000    7.826571    
4.400000    8.066017    
4.500000    8.464990    
4.600000    8.773551    
4.700000    8.711840    
4.800000    8.000000    
4.900000    6.482326    
5.000000    4.499726    
5.100000    2.517263    
5.200000    1.000000    
5.300000    0.288781    
5.400000    0.227584    
5.500000    0.536167    
5.600000    0.934291    
5.700000    1.171796    
5.800000    1.220827    
5.900000    1.153173    
6.000000    1.041089    
6.100000    0.953913    
6.200000    0.917332    
6.300000    0.923423    
6.400000    0.963401    
6.500000    1.028180    
6.600000    1.096924    
6.700000    1.133538    
6.800000    1.100905    
6.900000    0.962170    
7.000000    0.735415    
7.100000    0.561303    
7.200000    0.597082    
7.300000    1.000000    
7.400000    1.858117    
7.500000    2.982741    
7.600000    4.115995    
7.700000    5.000000    
7.800000    5.443154    
7.900000    5.518965    
8.000000    5.367217    
8.100000    5.127695    
8.200000    4.938292    
8.300000    4.863410    
8.400000    4.871976    
8.500000    4.926540    
8.600000    4.989649    
8.700000    5.027902    
8.800000    5.037840    
8.900000    5.029421    
9.000000    5.012668    
9.100000    4.997586    
9.200000    4.990602    
9.300000    4.990159    
9.400000    4.993619    
9.500000    4.998346    
9.600000    5.001815    
9.700000    5.003207    
9.800000    5.003017    
9.900000    5.001772    
10.000000    5.000000    
