1.000000    10584.000000    
1.160714    9274.028583    
1.321429    7737.650568    
1.482143    6025.799953    
1.642857    4194.328305    
1.803571    2302.804860    
1.964286    413.271650    
2.125000    -1411.032379    
2.285714    -3106.964324    
2.446429    -4612.773369    
2.607143    -5869.385983    
2.767857    -6821.666295    
2.928571    -7419.637710    
3.089286    -7619.651783    
3.250000    -7385.490417    
3.410714    -6689.387413    
3.571429    -5512.955413    
3.732143    -3848.004295    
3.892857    -1697.237039    
4.053571    925.190872    
4.214286    3993.262490    
4.375000    7468.854825    
4.535714    11301.672624    
4.696429    15429.374439    
4.857143    19777.904979    
5.017857    24262.047663    
5.178571    28786.211366    
5.339286    33245.465291    
5.500000    37526.835938    
5.660714    41510.880125    
5.821429    45073.548018    
5.982143    48088.350124    
6.142857    50428.842210    
6.303571    51971.442103    
6.464286    52598.592334    
6.625000    52202.282568    
6.785714    50687.945803    
6.946429    47978.742264    
7.107143    44020.244986    
7.267857    38785.541008    
7.428571    32280.762161    
7.589286    24551.059394    
7.750000    15687.034607    
7.910714    5831.643935    
8.071429    -4812.413552    
8.232143    -15974.807767    
8.392857    -27309.176206    
8.553571    -38384.195252    
8.714286    -48674.110229    
8.875000    -57548.710263    
9.035714    -64262.733973    
9.196429    -67944.692045    
9.357143    -67585.092733    
9.517857    -62024.056317    
9.678571    -49938.304580    
9.839286    -29827.511326    
10.000000    0.000000    
