1.000000    10584.000000    
1.321429    7737.650568    
1.642857    4194.328305    
1.964286    413.271650    
2.285714    -3106.964324    
2.607143    -5869.385983    
2.928571    -7419.637710    
3.250000    -7385.490417    
3.571429    -5512.955413    
3.892857    -1697.237039    
4.214286    3993.262490    
4.535714    11301.672624    
4.857143    19777.904979    
5.178571    28786.211366    
5.500000    37526.835938    
5.821429    45073.548018    
6.142857    50428.842210    
6.464286    52598.592334    
6.785714    50687.945803    
7.107143    44020.244986    
7.428571    32280.762161    
7.750000    15687.034607    
8.071429    -4812.413552    
8.392857    -27309.176206    
8.714286    -48674.110229    
9.035714    -64262.733973    
9.357143    -67585.092733    
9.678571    -49938.304580    
10.000000    0.000000    
