0.000000    2.000000    2.000000    
0.050000    2.052564    2.054691    
0.100000    2.110517    2.114770    
0.150000    2.174275    2.180651    
0.200000    2.244281    2.252777    
0.250000    2.321006    2.331620    
0.300000    2.404958    2.417687    
0.350000    2.496674    2.511515    
0.400000    2.596730    2.613679    
0.450000    2.705740    2.724795    
0.500000    2.824361    2.845517    
0.550000    2.953289    2.976543    
0.600000    3.093271    3.118619    
0.650000    3.245102    3.272539    
0.700000    3.409627    3.439149    
0.750000    3.587750    3.619352    
0.800000    3.780433    3.814109    
0.850000    3.988700    4.024445    
0.900000    4.213643    4.251451    
0.950000    4.456424    4.496289    
1.000000    4.718282    4.760197    
1.050000    5.000534    5.044492    
1.100000    5.304583    5.350576    
1.150000    5.631922    5.679943    
1.200000    5.984140    6.034180    
1.250000    6.362929    6.414979    
1.300000    6.770086    6.824136    
1.350000    7.207524    7.263565    
1.400000    7.677280    7.735300    
1.450000    8.181516    8.241505    
1.500000    8.722534    8.784478    
1.550000    9.302779    9.366667    
1.600000    9.924852    9.990669    
1.650000    10.591517    10.659249    
1.700000    11.305711    11.375343    
1.750000    12.070555    12.142071    
1.800000    12.889365    12.962748    
1.850000    13.765666    13.840897    
1.900000    14.703199    14.780259    
1.950000    15.705941    15.784808    
2.000000    16.778112    16.858766    
2.050000    17.924197    18.006615    
2.100000    19.148957    19.233113    
2.150000    20.457446    20.543315    
2.200000    21.855030    21.942584    
2.250000    23.347406    23.436616    
2.300000    24.940620    25.031456    
2.350000    26.641089    26.733517    
2.400000    28.455623    28.549610    
2.450000    30.391449    30.486957    
2.500000    32.456235    32.553225    
2.550000    34.658115    34.756545    
2.600000    37.005719    37.105547    
2.650000    39.508202    39.609381    
2.700000    42.175276    42.277757    
2.750000    45.017238    45.120969    
2.800000    48.045011    48.149937    
2.850000    51.270178    51.376241    
2.900000    54.705022    54.812160    
2.950000    58.362563    58.470711    
3.000000    62.256611    62.365699    
3.050000    66.401800    66.511756    
3.100000    70.813649    70.924395    
3.150000    75.508603    75.620057    
3.200000    80.504097    80.616171    
3.250000    85.818605    85.931208    
3.300000    91.471708    91.584743    
3.350000    97.484158    97.597521    
3.400000    103.877940    103.991522    
3.450000    110.676353    110.790039    
3.500000    117.904082    118.017749    
3.550000    125.587277    125.700797    
3.600000    133.753644    133.866879    
3.650000    142.432531    142.545336    
3.700000    151.655026    151.767248    
3.750000    161.454058    161.565534    
3.800000    171.864501    171.975061    
3.850000    182.923293    183.032755    
3.900000    194.669552    194.777722    
3.950000    207.144699    207.251376    
4.000000    220.392600    220.497568    
4.050000    234.459701    234.562732    
4.100000    249.395179    249.496033    
4.150000    265.251101    265.349524    
4.200000    282.082590    282.178312    
4.250000    299.948002    300.040738    
4.300000    318.909113    318.998561    
4.350000    339.031314    339.117156    
4.400000    360.383822    360.465722    
4.450000    383.039901    383.117501    
4.500000    407.077091    407.150015    
4.550000    432.577458    432.645308    
4.600000    459.627852    459.690206    
4.650000    488.320183    488.376595    
4.700000    518.751711    518.801710    
4.750000    551.025352    551.068439    
4.800000    585.250004    585.285654    
4.850000    621.540891    621.568546    
4.900000    660.019920    660.038991    
4.950000    700.816071    700.825936    
5.000000    744.065796    744.065796    
