-0.942132    -6.069860    
-0.808799    -5.795808    
-0.675465    -5.525410    
-0.542132    -5.262319    
-0.408799    -5.010188    
-0.275465    -4.772670    
-0.142132    -4.553418    
-0.008799    -4.355094    
0.124535    -4.176388    
0.257868    -4.014999    
0.391201    -3.868624    
0.524535    -3.734963    
0.657868    -3.611714    
0.791201    -3.496628    
0.924535    -3.387666    
1.057868    -3.282842    
1.191201    -3.180170    
1.324535    -3.077664    
1.457868    -2.973339    
1.591201    -2.864740    
1.724535    -2.747547    
1.857868    -2.616968    
1.991201    -2.468216    
2.124535    -2.296500    
2.257868    -2.097032    
2.391201    -1.864793    
2.524535    -1.593855    
2.657868    -1.278064    
2.791201    -0.911261    
2.924535    -0.487292    
3.057868    0.000000    
3.191201    0.556115    
3.324535    1.183930    
3.457868    1.885666    
3.591201    2.663543    
3.724535    3.519783    
3.857868    4.456606    
3.991201    5.474673    
4.124535    6.568398    
4.257868    7.730635    
4.391201    8.954240    
4.524535    10.232066    
4.657868    11.556968    
4.791201    12.921174    
4.924535    14.314408    
5.057868    15.725769    
5.191201    17.144353    
5.324535    18.559260    
5.457868    19.959587    
5.591201    21.334901    
5.724535    22.676633    
5.857868    23.976687    
5.991201    25.226961    
6.124535    26.419359    
6.257868    27.545779    
6.391201    28.601532    
6.524535    29.595554    
6.657868    30.540193    
6.791201    31.447795    
6.924535    32.330704    
7.057868    33.201267    
