0.078823    0.234023    
0.216242    0.234781    
0.242971    0.234928    
0.295958    0.235220    
0.312115    0.235309    
0.324060    0.235375    
0.388370    0.235730    
0.398273    0.235784    
0.477583    0.235744    
0.556304    0.235693    
0.613511    0.235657    
0.700723    0.235601    
0.839657    0.233903    
0.874974    0.232448    
0.928233    0.230255    
1.135848    0.221703    
1.261951    0.210374    
1.299099    0.205166    
1.345202    0.198702    
1.400345    0.190971    
1.439520    0.185479    
1.572388    0.166851    
1.606504    0.161224    
1.768255    0.117559    
1.816504    0.104534    
2.012150    0.050227    
2.133104    0.002709    
2.152604    -0.004952    
2.351763    -0.083194    
2.373962    -0.091915    
2.577434    -0.195175    
2.590012    -0.201770    
2.814788    -0.321059    
2.898630    -0.373160    
2.938159    -0.397724    
3.005977    -0.439867    
3.092358    -0.493546    
3.345523    -0.654289    
3.497018    -0.751992    
3.506730    -0.758256    
3.517468    -0.765181    
3.851638    -0.968740    
3.955480    -1.030777    
4.020478    -1.067584    
4.357690    -1.235725    
4.413767    -1.260201    
4.536981    -1.290453    
4.547017    -1.292917    
4.661095    -1.320925    
4.682607    -1.326206    
4.758922    -1.344943    
4.980266    -1.341795    
5.040341    -1.337385    
5.133834    -1.330521    
5.179287    -1.327184    
5.454635    -1.246088    
5.489106    -1.235315    
5.672647    -1.168234    
5.770080    -1.124745    
6.173490    -0.941942    
6.267620    -0.898439    
6.291364    -0.887466    
6.411990    -0.832366    
7.023375    -0.592629    
7.299552    -0.508382    
7.591067    -0.450157    
7.656741    -0.460976    
7.885765    -0.511848    
7.889407    -0.512657    
8.015311    -0.551417    
8.125495    -0.653568    
8.150551    -0.676798    
8.256614    -0.775128    
8.414134    -0.928941    
8.419184    -0.936401    
8.936387    -1.719084    
9.025492    -1.862886    
9.322623    -2.358650    
9.905501    -3.376615    
9.936937    -3.431522    
