0.078823    0.156447    
0.216242    0.227679    
0.242971    0.241534    
0.295958    0.269000    
0.312115    0.277375    
0.324060    0.283567    
0.388370    0.316903    
0.398273    0.322036    
0.477583    0.419970    
0.556304    0.518433    
0.613511    0.589987    
0.700723    0.699069    
0.839657    0.883219    
0.874974    0.936629    
0.928233    1.017176    
1.135848    1.331163    
1.261951    1.483403    
1.299099    1.516514    
1.345202    1.557607    
1.400345    1.606758    
1.439520    1.641675    
1.572388    1.760105    
1.606504    1.789053    
1.768255    1.896901    
1.816504    1.929072    
2.012150    2.045160    
2.133104    1.982852    
2.152604    1.972806    
2.351763    1.870211    
2.373962    1.858775    
2.577434    1.494347    
2.590012    1.469464    
2.814788    1.007320    
2.898630    0.742408    
2.938159    0.617507    
3.005977    0.403225    
3.092358    0.130285    
3.345523    -0.784039    
3.497018    -1.381807    
3.506730    -1.420129    
3.517468    -1.462499    
3.851638    -2.701586    
3.955480    -3.078528    
4.020478    -3.316406    
4.357690    -4.572373    
4.413767    -4.764760    
4.536981    -5.076226    
4.547017    -5.101596    
4.661095    -5.389968    
4.682607    -5.444347    
4.758922    -5.637260    
4.980266    -5.458955    
5.040341    -5.364930    
5.133834    -5.218599    
5.179287    -5.147458    
5.454635    -4.230280    
5.489106    -4.110507    
5.672647    -3.343667    
5.770080    -2.831971    
6.173490    -0.572054    
6.267620    -0.001035    
6.291364    0.142997    
6.411990    0.889468    
7.023375    5.143021    
7.299552    6.736150    
7.591067    8.105598    
7.656741    8.246129    
7.885765    8.643975    
7.889407    8.650301    
8.015311    8.808331    
8.125495    8.563043    
8.150551    8.507264    
8.256614    8.271151    
8.414134    7.869561    
8.419184    7.840123    
8.936387    4.581717    
9.025492    3.903232    
9.322623    1.540061    
9.905501    -2.893895    
9.936937    -3.109384    
