0.210938    2.590122    
0.245284    2.591818    
0.362630    2.597615    
0.403052    2.600753    
0.442161    2.617300    
0.478463    2.632659    
1.095675    2.880734    
1.317396    2.987485    
1.365757    3.015178    
1.430404    3.052195    
1.540017    3.114960    
1.570657    3.132505    
1.609235    3.165256    
1.622040    3.187371    
1.653270    3.241305    
1.781938    3.463515    
1.831363    3.548871    
1.832082    3.550113    
1.964523    3.778840    
2.103599    4.123195    
2.237260    4.488423    
2.274211    4.589393    
2.314407    4.699227    
2.491838    5.328537    
2.493619    5.336207    
2.760632    6.485876    
2.778316    6.562019    
2.885003    6.840097    
2.888524    6.847748    
2.906401    6.886596    
2.951188    6.983920    
3.047938    7.194162    
3.070473    7.243132    
3.519621    7.754797    
3.556732    7.781525    
3.838167    7.776113    
3.885577    7.768832    
3.918605    7.763760    
3.952861    7.758500    
4.143622    7.541145    
4.170975    7.501128    
4.352625    7.235378    
4.391248    7.178874    
4.404161    7.154913    
4.526312    6.827376    
4.917870    5.614638    
4.941166    5.519996    
4.988472    5.327808    
4.993503    5.307370    
5.039061    5.122284    
5.060505    5.035166    
5.117716    4.802738    
5.237698    4.360896    
5.277239    4.248085    
5.423637    3.830416    
5.425567    3.824912    
5.558135    3.446699    
5.695585    3.188161    
5.708111    3.169933    
5.991428    2.757640    
6.107983    2.706517    
6.126154    2.700013    
6.142553    2.694144    
6.281844    2.644289    
6.294738    2.639674    
6.341934    2.622782    
6.483974    2.659467    
6.580359    2.725427    
6.783339    2.864336    
6.788213    2.867671    
6.799115    2.875132    
7.109615    3.473261    
7.662291    4.632612    
7.699799    4.686641    
7.814178    4.851399    
7.827993    4.871299    
7.832737    4.878134    
7.896025    4.969298    
7.990640    5.105586    
8.067729    5.130209    
8.160000    5.145385    
8.188780    5.150119    
8.233515    5.157477    
8.235125    5.157741    
8.293718    5.167378    
8.320219    5.171737    
8.454558    5.152118    
8.469392    5.143216    
8.688616    5.011654    
8.939068    4.800840    
9.034583    4.701957    
9.191406    4.539605    
9.214639    4.501441    
9.292086    4.346609    
9.296192    4.338400    
9.475716    3.979492    
9.548977    3.833027    
9.667068    3.505449    
9.717697    3.335167    
9.951051    2.550318    
