0.078823    0.563241    
0.216242    0.582013    
0.242971    0.585664    
0.295958    0.592902    
0.312115    0.595109    
0.324060    0.596741    
0.388370    0.605526    
0.398273    0.606878    
0.477583    0.652914    
0.556304    0.699387    
0.613511    0.733158    
0.700723    0.784643    
0.839657    0.868328    
0.874974    0.890660    
0.928233    0.924339    
1.135848    1.055627    
1.261951    1.115598    
1.299099    1.127234    
1.345202    1.141674    
1.400345    1.158946    
1.439520    1.171216    
1.572388    1.212833    
1.606504    1.220491    
1.768255    1.195842    
1.816504    1.188490    
2.012150    1.151219    
2.133104    1.058547    
2.152604    1.043606    
2.351763    0.891016    
2.373962    0.874008    
2.577434    0.587164    
2.590012    0.568244    
2.814788    0.220854    
2.898630    0.042112    
2.938159    -0.042162    
3.005977    -0.186742    
3.092358    -0.370900    
3.345523    -0.947498    
3.497018    -1.308855    
3.506730    -1.332021    
3.517468    -1.357634    
3.851638    -2.123641    
3.955480    -2.358508    
4.020478    -2.498405    
4.357690    -3.143962    
4.413767    -3.234856    
4.536981    -3.323425    
4.547017    -3.330640    
4.661095    -3.412642    
4.682607    -3.428106    
4.758922    -3.482963    
4.980266    -3.317069    
5.040341    -3.251944    
5.133834    -3.150590    
5.179287    -3.101315    
5.454635    -2.452366    
5.489106    -2.367556    
5.672647    -1.848484    
5.770080    -1.518240    
6.173490    -0.104512    
6.267620    0.239711    
6.291364    0.326537    
6.411990    0.769384    
7.023375    3.045618    
7.299552    3.963935    
7.591067    4.797692    
7.656741    4.882782    
7.885765    5.123110    
7.889407    5.126932    
8.015311    5.213790    
8.125495    5.003702    
8.150551    4.955928    
8.256614    4.753698    
8.414134    4.419858    
8.419184    4.398261    
8.936387    2.097978    
9.025492    1.659176    
9.322623    0.128052    
9.905501    -3.033687    
9.936937    -3.202673    
