0.210938    2.202710    
0.245284    2.207071    
0.362630    2.221972    
0.403052    2.228693    
0.442161    2.253999    
0.478463    2.277489    
1.095675    2.472063    
1.317396    2.427964    
1.365757    2.411757    
1.430404    2.390092    
1.540017    2.353358    
1.570657    2.343089    
1.609235    2.339896    
1.622040    2.349105    
1.653270    2.371562    
1.781938    2.464087    
1.831363    2.499628    
1.832082    2.500145    
1.964523    2.595384    
2.103599    2.890269    
2.237260    3.237806    
2.274211    3.333885    
2.314407    3.438399    
2.491838    4.690048    
2.493619    4.710009    
2.760632    7.702020    
2.778316    7.900180    
2.885003    8.568312    
2.888524    8.585923    
2.906401    8.675338    
2.951188    8.899348    
3.047938    9.383258    
3.070473    9.495971    
3.519621    9.854345    
3.556732    9.820735    
3.838167    9.549920    
3.885577    9.503812    
3.918605    9.471691    
3.952861    9.438376    
4.143622    9.131093    
4.170975    9.081301    
4.352625    8.750639    
4.391248    8.680333    
4.404161    8.655390    
4.526312    8.390842    
4.917870    6.539838    
4.941166    6.291158    
4.988472    5.786165    
4.993503    5.732462    
5.039061    5.246131    
5.060505    5.017219    
5.117716    4.406493    
5.237698    3.349793    
5.277239    3.162756    
5.423637    2.470270    
5.425567    2.461144    
5.558135    1.834076    
5.695585    1.552215    
5.708111    1.541229    
5.991428    1.292742    
6.107983    1.295767    
6.126154    1.297541    
6.142553    1.299142    
6.281844    1.312742    
6.294738    1.314001    
6.341934    1.318609    
6.483974    1.366177    
6.580359    1.414268    
6.783339    1.515543    
6.788213    1.517975    
6.799115    1.523415    
7.109615    2.667579    
7.662291    5.429026    
7.699799    5.502443    
7.814178    5.726321    
7.827993    5.753361    
7.832737    5.762648    
7.896025    5.886524    
7.990640    6.071717    
8.067729    6.071859    
8.160000    6.047093    
8.188780    6.039369    
8.233515    6.027362    
8.235125    6.026930    
8.293718    6.011204    
8.320219    6.004091    
8.454558    5.984742    
8.469392    5.985303    
8.688616    5.993595    
8.939068    5.864740    
9.034583    5.773345    
9.191406    5.623288    
9.214639    5.597700    
9.292086    5.505835    
9.296192    5.500965    
9.475716    5.288017    
9.548977    5.201117    
9.667068    4.678680    
9.717697    4.329985    
9.951051    2.722812    
