0.210938    3.978288    
0.245284    3.978912    
0.362630    3.981043    
0.403052    3.982255    
0.442161    3.989093    
0.478463    3.995440    
1.095675    4.104687    
1.317396    4.152647    
1.365757    4.164696    
1.430404    4.180803    
1.540017    4.208113    
1.570657    4.215747    
1.609235    4.227655    
1.622040    4.234028    
1.653270    4.249572    
1.781938    4.313614    
1.831363    4.338214    
1.832082    4.338572    
1.964523    4.404492    
2.103599    4.488157    
2.237260    4.573316    
2.274211    4.596859    
2.314407    4.622469    
2.491838    4.748371    
2.493619    4.749756    
2.760632    4.957252    
2.778316    4.970994    
2.885003    5.021235    
2.888524    5.022618    
2.906401    5.029640    
2.951188    5.047233    
3.047938    5.085237    
3.070473    5.094089    
3.519621    5.197144    
3.556732    5.203202    
3.838167    5.201044    
3.885577    5.199208    
3.918605    5.197930    
3.952861    5.196603    
4.143622    5.143679    
4.170975    5.133947    
4.352625    5.069319    
4.391248    5.055577    
4.404161    5.049786    
4.526312    4.971172    
4.917870    4.696534    
4.941166    4.677068    
4.988472    4.637537    
4.993503    4.633333    
5.039061    4.595263    
5.060505    4.577344    
5.117716    4.529536    
5.237698    4.433308    
5.277239    4.404496    
5.423637    4.297824    
5.425567    4.296418    
5.558135    4.199823    
5.695585    4.117657    
5.708111    4.110887    
5.991428    3.957762    
6.107983    3.915503    
6.126154    3.909172    
6.142553    3.903458    
6.281844    3.854923    
6.294738    3.850431    
6.341934    3.833986    
6.483974    3.800889    
6.580359    3.786123    
6.783339    3.755026    
6.788213    3.754280    
6.799115    3.752609    
7.109615    3.762611    
7.662291    3.788477    
7.699799    3.786255    
7.814178    3.779478    
7.827993    3.778659    
7.832737    3.778378    
7.896025    3.774629    
7.990640    3.769023    
8.067729    3.745719    
8.160000    3.714726    
8.188780    3.705060    
8.233515    3.690033    
8.235125    3.689493    
8.293718    3.669812    
8.320219    3.660911    
8.454558    3.603743    
8.469392    3.595486    
8.688616    3.473453    
8.939068    3.321076    
9.034583    3.259004    
9.191406    3.157090    
9.214639    3.138906    
9.292086    3.072252    
9.296192    3.068719    
9.475716    2.914213    
9.548977    2.851161    
9.667068    2.736565    
9.717697    2.683207    
9.951051    2.437274    
