49.999500    132.999500    
97.999500    254.999500    
172.999500    306.999500    
268.999500    261.999500    
361.999500    168.999500    
437.999500    94.999500    
500.999500    77.999500    
555.999500    126.999500    
600.999500    224.999500    
623.999500    323.999500    
616.999500    362.999500    
589.999500    336.999500    
560.999500    290.999500    
541.999500    263.999500    
534.999500    269.999500    
540.999500    308.999500    
558.999500    362.999500    
584.999500    407.999500    
614.999500    415.999500    
642.999500    384.999500    
