158.999500    384.999500    
153.999500    417.999500    
144.999500    429.999500    
135.999500    406.999500    
128.999500    356.999500    
119.999500    305.999500    
108.999500    278.999500    
93.999500    289.999500    
81.999500    331.999500    
84.999500    379.999500    
113.999500    394.999500    
164.999500    359.999500    
221.999500    299.999500    
271.999500    253.999500    
310.999500    240.999500    
339.999500    265.999500    
360.999500    316.999500    
375.999500    363.999500    
383.999500    361.999500    
385.999500    285.999500    
