0.049500    0.132500    
0.097500    0.254500    
0.172500    0.306500    
0.268500    0.261500    
0.361500    0.168500    
0.437500    0.094500    
0.500500    0.077500    
0.555500    0.126500    
0.600500    0.224500    
0.623500    0.323500    
0.616500    0.362500    
0.589500    0.336500    
0.560500    0.290500    
0.541500    0.263500    
0.534500    0.269500    
0.540500    0.308500    
0.558500    0.362500    
0.584500    0.407500    
0.614500    0.415500    
0.642500    0.384500    
