-0.001175    0.494507    2.670049    
0.066459    0.494259    2.782359    
0.133853    0.455587    2.830229    
0.189308    0.375277    2.788803    
0.229385    0.283832    2.703189    
0.262688    0.209655    2.635067    
0.302541    0.160412    2.619417    
0.354964    0.135054    2.664525    
0.413849    0.130299    2.754742    
0.457453    0.141377    2.845878    
0.463274    0.157097    2.881781    
0.437002    0.169009    2.857846    
0.403792    0.176811    2.815500    
0.382900    0.182789    2.790644    
0.379608    0.189396    2.796167    
0.394621    0.195924    2.832070    
0.422262    0.198109    2.881781    
0.453075    0.192152    2.923207    
0.476497    0.173149    2.930571    
0.487735    0.144788    2.902034    
