0.158500    0.384500    
0.153500    0.417500    
0.144500    0.429500    
0.135500    0.406500    
0.128500    0.356500    
0.119500    0.305500    
0.108500    0.278500    
0.093500    0.289500    
0.081500    0.331500    
0.084500    0.379500    
0.113500    0.394500    
0.164500    0.359500    
0.221500    0.299500    
0.271500    0.253500    
0.310500    0.240500    
0.339500    0.265500    
0.360500    0.316500    
0.375500    0.363500    
0.383500    0.361500    
0.385500    0.285500    
