9.512972    0.145495    2.902034    
9.500323    0.151073    2.932412    
9.490645    0.148024    2.943459    
9.490633    0.135308    2.922286    
9.499492    0.116549    2.876257    
9.507213    0.096101    2.829308    
9.506891    0.080866    2.804453    
9.493247    0.073297    2.814579    
9.473162    0.076411    2.853243    
9.462027    0.091789    2.897431    
9.478391    0.116437    2.911239    
9.524119    0.142834    2.879019    
9.580994    0.166568    2.823785    
9.629054    0.189220    2.781438    
9.660221    0.213207    2.769471    
9.673823    0.240617    2.792485    
9.674587    0.269551    2.839434    
9.672214    0.293138    2.882701    
9.678423    0.298242    2.880860    
9.700826    0.278668    2.810897    
