-0.007102    2.989534    0.996170    
0.390656    2.905310    1.710449    
0.786657    2.677488    1.989766    
1.181666    2.342491    1.668146    
1.583853    1.959800    0.934915    
1.963635    1.567205    0.244214    
2.362280    1.252522    -0.000229    
2.754464    1.047997    0.372815    
3.153772    0.992956    1.111945    
3.557007    1.099299    1.786594    
3.969687    1.346128    1.980424    
4.369625    1.689933    1.573603    
4.758543    2.083651    0.810701    
5.165674    2.465992    0.163605    
5.570667    2.779348    0.001818    
5.977180    2.967589    0.448547    
6.384104    2.995179    1.214253    
6.783175    2.876795    1.849576    
7.184896    2.610832    1.955080    
7.583208    2.251139    1.474608    
