-0.007102    2.989534    1.005285    
0.390656    2.905310    1.720681    
0.786657    2.677488    2.002253    
1.181666    2.342491    1.681700    
1.583853    1.959800    0.950586    
1.963635    1.567205    0.272067    
2.362280    1.252522    0.028358    
2.754464    1.047997    0.396771    
3.153772    0.992956    1.130987    
3.557007    1.099299    1.801602    
3.969687    1.346128    1.987009    
4.369625    1.689933    1.578588    
4.758543    2.083651    0.825729    
5.165674    2.465992    0.175597    
5.570667    2.779348    0.008798    
5.977180    2.967589    0.456424    
6.384104    2.995179    1.212667    
6.783175    2.876795    1.850296    
7.184896    2.610832    1.953115    
7.583208    2.251139    1.476836    
