-0.007102    2.989534    0.987055    
0.390656    2.905310    1.700217    
0.786657    2.677488    1.977279    
1.181666    2.342491    1.654592    
1.583853    1.959800    0.919244    
1.963635    1.567205    0.216362    
2.362280    1.252522    -0.028816    
2.754464    1.047997    0.348859    
3.153772    0.992956    1.092903    
3.557007    1.099299    1.771586    
3.969687    1.346128    1.973840    
4.369625    1.689933    1.568618    
4.758543    2.083651    0.795673    
5.165674    2.465992    0.151612    
5.570667    2.779348    -0.005162    
5.977180    2.967589    0.440669    
6.384104    2.995179    1.215840    
6.783175    2.876795    1.848856    
7.184896    2.610832    1.957044    
7.583208    2.251139    1.472380    
