0.000400    3.000000    1.000800    
0.400400    2.920905    1.717913    
0.800400    2.696420    1.999550    
1.200400    2.361985    1.674873    
1.600400    1.970401    0.940827    
2.000400    1.583489    0.242675    
2.400400    1.262336    0.003906    
2.800400    1.057644    0.369354    
3.200400    1.001729    1.117344    
3.600400    1.103419    1.794154    
4.000400    1.346659    1.989242    
4.400400    1.693048    1.584268    
4.800400    2.087897    0.824886    
5.200400    2.468870    0.171725    
5.600400    2.775818    0.020985    
6.000400    2.960282    0.464102    
6.400400    2.993138    1.232288    
6.800400    2.869200    1.859571    
7.200400    2.608034    1.965450    
7.600400    2.250873    1.485700    
